"V1" "V2" "V3" "V4" "V5" "V6" "V7" "V8" "V9" "V10" "V11"
"1" -0.182225209870814 -0.143719014533251 -0.0637997028131928 -0.137196695958423 -0.383454619426632 -0.0164787516385196 -0.103110856489792 0.0115347864960984 -0.119052243410804 -0.0787844503977555 -0.807349626501311
"2" -0.182225209870814 -0.143719014533251 -0.0637997028131928 -0.137196695958423 -0.383454619426632 -0.0164787516385196 -0.103110856489792 0.0115347864960984 -0.119052243410804 -0.0787844503977555 -0.807349626501311
"3" 0.0637049085569657 -0.225937343712365 -0.18643586094687 -0.168556211907605 -0.263312490043686 -0.0549571797458732 0.018257199502467 -0.0499691611232208 0.000214261861753307 0.00427281333413666 -0.932196689869229
"4" -0.0743754423295038 -0.22011696745664 -0.215991409750163 -0.221868304645603 -0.279156537450126 -0.0405679393736035 -0.00310192999730086 -0.0421840414911451 -0.0128231530070534 0.0176109398618901 -0.918255694081825
"5" 0.0341831073473547 -0.154223989508284 -0.191345632016258 -0.176660320310717 -0.388135172133753 0.0505808568662459 -0.00331807163576515 0.00771370688024716 6.88897725177806e-05 0.0412594413101202 -0.909665836688098
"6" 0.314022352731039 -0.151122890096914 -0.080358195056394 -0.124599059381313 -0.66980023743266 -0.0394317741175328 -0.0750154023096244 -0.0496037667581504 -0.0363349094069827 -0.0491474848588785 -0.896406048065046
"7" 0.283947617316592 -0.154451874523 -0.144752823195249 -0.0658853687152296 -0.686586410761736 -0.0208021939727161 0.0559049994820423 0.0365492030985099 0.0198123166518899 0.00277959833467734 -0.94356740919039
"8" -0.182225209870814 -0.143719014533251 -0.0637997028131928 -0.137196695958423 -0.383454619426632 -0.0164787516385196 -0.103110856489792 0.0115347864960984 -0.119052243410804 -0.0787844503977555 -0.807349626501311
"9" -0.182225209870814 -0.143719014533251 -0.0637997028131928 -0.137196695958423 -0.383454619426632 -0.0164787516385196 -0.103110856489792 0.0115347864960984 -0.119052243410804 -0.0787844503977555 -0.807349626501311
"10" 0.0322851046177345 -0.260668731158848 -0.190643215848641 -0.177376254953538 -0.39074705747076 0.0176252147556185 -0.047767136318081 -0.0443197805477403 0.038742643020365 -0.00671221354979253 -0.921036491327788
"11" 0.288596602532336 -0.121124401275118 -0.184451307682986 -0.117724166743537 -0.668484564572726 -0.0172088537796999 0.0405485564202968 0.0730550305753285 -0.0198115700571558 -0.100944514445429 -0.919945312849929
"12" -0.182225209870814 -0.143719014533251 -0.0637997028131928 -0.137196695958423 -0.383454619426632 -0.0164787516385196 -0.103110856489792 0.0115347864960984 -0.119052243410804 -0.0787844503977555 -0.807349626501311
"13" 0.468074212489044 -0.125466535159476 -0.100958711299067 -0.0586870292192718 -0.743473944678235 -0.450832238264963 -0.324181374368691 -0.284442667753153 -0.233843324066155 -0.186687808918418 -0.484668075407337
"14" 0.30411246607796 -0.114077693580633 -0.145317305288513 -0.0989386782518548 -0.66641417186426 -0.0456864896893901 -0.00896820226581612 -0.0452252436762705 0.0103649913139232 -0.0235886987754294 -0.912096868811882
"15" 0.239818848816602 -0.15738414931781 -0.151746443954743 -0.198694931355274 -0.61939871108859 -0.152162352373924 -0.204763435996845 -0.0678200843760265 -0.104925350819157 -0.0713593396729111 -0.791086112011288
"16" -0.182225209870814 -0.143719014533251 -0.0637997028131928 -0.137196695958423 -0.383454619426632 -0.0164787516385196 -0.103110856489792 0.0115347864960984 -0.119052243410804 -0.0787844503977555 -0.807349626501311
"17" -0.0612061218498061 -0.235520473094694 -0.271709261405429 -0.11812652124009 -0.281821908801085 -0.0267339676080907 -0.146295489303901 -0.0319229370117164 0.0378022340460422 -0.128278396727473 -0.870886130779399
"18" -0.182225209870814 -0.143719014533251 -0.0637997028131928 -0.137196695958423 -0.383454619426632 -0.0164787516385196 -0.103110856489792 0.0115347864960984 -0.119052243410804 -0.0787844503977555 -0.807349626501311
"19" -0.182225209870814 -0.143719014533251 -0.0637997028131928 -0.137196695958423 -0.383454619426632 -0.0164787516385196 -0.103110856489792 0.0115347864960984 -0.119052243410804 -0.0787844503977555 -0.807349626501311
"20" 0.0853581269339814 -0.284050075029498 -0.17617418560188 -0.186710029990755 -0.354132181481636 0.0373270737726532 -0.0574667479772855 -0.0511352030913449 0.0197256676208194 0.0261648025774111 -0.927659943821875
"21" 0.040987259855107 -0.235425486408523 -0.183745274477676 -0.174147265931975 -0.363667286461311 0.00927685957793663 -0.0143694644292726 -0.0247613102113336 -0.0487237886049938 -0.024827777974596 -0.883954535762015
"22" 0.352140019117072 -0.146858178696917 -0.123424284546114 -0.0581915865164702 -0.704520119997379 -0.108920545106219 -0.0802103991828595 -0.0425966988446791 -0.091363394999125 -0.0782793819801247 -0.829133175010743
"23" 0.0166189888194163 -0.275715228802985 -0.232009375133473 -0.157415472628665 -0.343847231310511 -0.00219357914908292 -0.0511439418452773 -0.00977230817951471 0.0257478704651382 -0.0195092988813008 -0.91558778965744
"24" 0.283516816295452 -0.0959821241490603 -0.104769175189443 -0.107528908371756 -0.734127771245928 -0.0242716533856072 0.0289852076026616 0.0649076288347095 0.0544459889349411 -0.0261358599669643 -0.899784367321592
"25" -0.182225209870814 -0.143719014533251 -0.0637997028131928 -0.137196695958423 -0.383454619426632 -0.0164787516385196 -0.103110856489792 0.0115347864960984 -0.119052243410804 -0.0787844503977555 -0.807349626501311
"26" -0.182225209870814 -0.143719014533251 -0.0637997028131928 -0.137196695958423 -0.383454619426632 -0.0164787516385196 -0.103110856489792 0.0115347864960984 -0.119052243410804 -0.0787844503977555 -0.807349626501311
"27" -0.182225209870814 -0.143719014533251 -0.0637997028131928 -0.137196695958423 -0.383454619426632 -0.0164787516385196 -0.103110856489792 0.0115347864960984 -0.119052243410804 -0.0787844503977555 -0.807349626501311
"28" 0.411017273345888 -0.136211025992946 -0.0825738289166846 -0.0426204886443187 -0.730534332145897 -0.109126898868072 -0.0813717856782755 -0.0652037186503538 -0.0576725104196995 -0.111016888013249 -0.818742108569202
"29" -0.0942789760559505 -0.307832699844954 -0.199113610669823 -0.222867885842234 -0.223996600665137 -0.00469535976067439 -0.0298324895517214 -0.0666530772615203 0.0239277741286028 0.0143565499993882 -0.921446286561235
"30" 0.0366027269093864 -0.135811562496957 -0.219127284653259 -0.121494579999545 -0.415539271245082 0.0180043737810354 0.054608279635539 0.0301412951950603 -0.0947572780994055 -0.0204897166364508 -0.907945157478443
"31" 0.330895661498265 -0.113953858148615 -0.10921299588352 -0.107766853985686 -0.688756557129734 0.0362991888995889 -0.0710355051470381 0.0449374542908771 0.0325666178889129 -0.00639919675353136 -0.918755473048998
"32" 0.311316869609523 -0.115215684165812 -0.136791175161416 -0.104391504435607 -0.694334159505876 -0.0370916162774455 -0.0210399806962695 -0.0390742417145744 -0.00972639313241619 -0.0412478430692556 -0.901946366018701
"33" 0.30706913813823 -0.0754348352445579 -0.140030621894306 -0.0758888684331434 -0.715721004629631 -0.00252938586698148 -0.120240628227452 0.114232535992114 -0.0539546606364029 0.00422058491819646 -0.91233735407014
"34" 0.410782338432578 -0.168311124172694 0.00976895283209375 -0.126364150750131 -0.751621489134351 -0.031694728322523 -0.00282727030548829 -0.0739146134576331 -0.048992042080508 -0.0318293713221896 -0.877266340349815
"35" 0.362070584887019 -0.0715896893912067 -0.157515490768978 -0.0831984867285212 -0.669357180962721 0.0135685893646006 -0.0371947165405372 0.0457019173706425 0.0279077079325996 0.000346309649388159 -0.938133992010936
"36" -0.182225209870814 -0.143719014533251 -0.0637997028131928 -0.137196695958423 -0.383454619426632 -0.0164787516385196 -0.103110856489792 0.0115347864960984 -0.119052243410804 -0.0787844503977555 -0.807349626501311
"37" 0.435679863403287 -0.197900022021198 0.000981145082032828 -0.164486977285142 -0.754490333168023 -0.00606073166476487 0.0541879399698643 0.0534103337648179 0.042816947624815 -0.0576421740994453 -0.907187044083871
"38" 0.0623527872989157 -0.252756451261146 -0.205786563774805 -0.151814182062301 -0.356573972490579 0.0656060495661603 -0.0653103352429889 -0.0581088357576235 -0.0468398685431457 0.0560277963649205 -0.918314858257303
"39" 0.354893972660801 -0.0707910901337273 -0.0575119705551841 -0.0786871319922433 -0.767721387534673 -0.0304409545416662 -0.0666603339351051 0.056113823257382 -0.000869042654010374 -0.00391816337052141 -0.898357008545813
"40" 0.309888991512223 -0.137714114852619 -0.123055327098345 -0.0754773478109984 -0.684810528372905 -0.0135023925333192 -0.00991803075642773 -0.0243648558869009 0.0325603850516577 -0.075687057268539 -0.913426742340724
"41" -0.182225209870814 -0.143719014533251 -0.0637997028131928 -0.137196695958423 -0.383454619426632 -0.0164787516385196 -0.103110856489792 0.0115347864960984 -0.119052243410804 -0.0787844503977555 -0.807349626501311
"42" 0.490906293843892 -0.209493098180011 -0.0341121994761983 -0.0691354235831778 -0.786969519007307 0.0162591982682805 -0.0324476681822248 0.106966521186092 0.0227833251016463 0.000779756365735426 -0.924343335653717
"43" -0.182225209870814 -0.143719014533251 -0.0637997028131928 -0.137196695958423 -0.383454619426632 -0.0164787516385196 -0.103110856489792 0.0115347864960984 -0.119052243410804 -0.0787844503977555 -0.807349626501311
"44" -0.182225209870814 -0.143719014533251 -0.0637997028131928 -0.137196695958423 -0.383454619426632 -0.0164787516385196 -0.103110856489792 0.0115347864960984 -0.119052243410804 -0.0787844503977555 -0.807349626501311
"45" 0.259350440579571 -0.164653925391879 -0.13928291561191 -0.172485378135132 -0.628889939672577 -0.0875069838913192 -0.0677218309274844 0.078087025868296 -0.0425855413618117 -0.0975337845813208 -0.900994735911222
"46" 0.407699336903927 -0.0562884898926509 -0.110868990184295 -0.101094289312713 -0.76948893500651 0.0056970465121423 0.00248765486500502 -0.0606754017287185 -0.0141806661045239 -0.0333793025522107 -0.898925060580704
"47" 0.00513745818828119 -0.230069150463469 -0.20778211318973 -0.14671468930754 -0.29273873436813 -0.0440942105118941 -0.0441259951012153 -0.0531954074070998 0.0108221646478129 -0.0131836592211581 -0.903108510661393
"48" -0.182225209870814 -0.143719014533251 -0.0637997028131928 -0.137196695958423 -0.383454619426632 -0.0164787516385196 -0.103110856489792 0.0115347864960984 -0.119052243410804 -0.0787844503977555 -0.807349626501311
"49" -0.0511039818741453 -0.233110936026157 -0.251192241663636 -0.245048053304928 -0.226581812108767 -0.0680922905323754 -0.0553036486707972 -0.0374630352084113 -0.0802742329998632 -0.0692581742023844 -0.916806160922459
"50" 0.341469512935068 -0.108318385303967 -0.162298160319351 -0.110354291142214 -0.680397234161809 -0.04834263797581 -0.119358446760454 0.0393201158959788 -0.10216627281055 -0.0563238959052827 -0.85686652006275
"51" -0.182225209870814 -0.143719014533251 -0.0637997028131928 -0.137196695958423 -0.383454619426632 -0.0164787516385196 -0.103110856489792 0.0115347864960984 -0.119052243410804 -0.0787844503977555 -0.807349626501311
"52" -0.125536261837736 -0.307615423714307 -0.27417417360719 -0.252078635851703 -0.240059542095315 -0.224918083058375 -0.235770989603863 -0.142908135005713 -0.141121236283423 -0.0375417532208151 -0.672164286571295
"53" 0.420281766137695 -0.0463371688279673 -0.0508505710578246 -0.0434938335185679 -0.796775419832101 -0.0188521506743186 -0.00157776101111005 0.0540839542176682 -0.0119414167432629 -0.0202324120638775 -0.921586160192002
"54" 0.0880694566627278 -0.250860508163448 -0.176134664313557 -0.167650938593039 -0.366645908603574 0.0405618289686712 -0.0204239018890487 0.00183507277899812 0.0198215463465498 -0.0148693694751152 -0.942196011126564
"55" 0.041417530423425 -0.252536264633572 -0.190845917419227 -0.114656458026891 -0.389211419106314 -0.0274643353392989 -0.0635365093211792 -0.0311978977218862 -0.0265406333743627 -0.0494149457479933 -0.902813702376493
"56" 0.341948183032087 -0.0319390392644581 -0.105557985203238 -0.117371122618836 -0.72617299858411 -0.0207490702675683 -0.0648634372003179 0.0497042313198557 0.00978982618433263 -0.0104408238067304 -0.923402108663882
"57" 0.103175212902088 -0.178976652504829 -0.184337510996611 -0.164801613316813 -0.446056795264251 0.00646257053543596 -0.00335555787886949 -0.0180322442754494 -0.083347660370438 -0.0812111613869547 -0.917029312308501
"58" 0.368572720406127 -0.0799109764279661 -0.143430539520359 -0.0627408136591856 -0.767202274016039 0.0277389082968485 -0.0394213724181691 0.00816062012677375 0.0695847577862664 -0.0921485694466895 -0.894625086574831
"59" 0.0739765062617034 -0.282563774787015 -0.222226294280357 -0.174048819833975 -0.392827151729821 -0.0272253370037809 -0.0714697198048448 -0.0342897250755122 -0.00677562374242298 -0.0613309411890749 -0.911114584238583
"60" -0.182225209870814 -0.143719014533251 -0.0637997028131928 -0.137196695958423 -0.383454619426632 -0.0164787516385196 -0.103110856489792 0.0115347864960984 -0.119052243410804 -0.0787844503977555 -0.807349626501311
"61" -0.182225209870814 -0.143719014533251 -0.0637997028131928 -0.137196695958423 -0.383454619426632 -0.0164787516385196 -0.103110856489792 0.0115347864960984 -0.119052243410804 -0.0787844503977555 -0.807349626501311
"62" 0.314458789674825 -0.14587240971206 -0.15824346477978 -0.082822814073728 -0.718507514672069 -0.0895988824894476 -0.0794185719897558 -0.00876801488028183 -0.020385505587983 -0.0563841838581233 -0.84265106171144
"63" 0.108116839621307 -0.202608225764519 -0.188099433323022 -0.129763825175794 -0.474421694237651 -0.015335945755864 -0.00813806794075963 0.0304035648560012 -0.0635035212626594 -0.0264862331532942 -0.933814014076137
"64" -0.0647639435648676 -0.222045646084316 -0.225257612531766 -0.164328624634401 -0.313572431773167 -0.046310287280475 -0.0799597178527395 0.0621877812821625 -0.00439898885212141 -0.00795413509842927 -0.929311722432896
"65" 0.315344777998618 -0.203824431716398 -0.0789352242508174 -0.180222525589388 -0.628523874071046 -0.115949366612564 -0.133041716251506 -0.0260567628933084 -0.0749409325868128 -0.0782353367656906 -0.845458747901754
"66" -0.182225209870814 -0.143719014533251 -0.0637997028131928 -0.137196695958423 -0.383454619426632 -0.0164787516385196 -0.103110856489792 0.0115347864960984 -0.119052243410804 -0.0787844503977555 -0.807349626501311
"67" -0.182225209870814 -0.143719014533251 -0.0637997028131928 -0.137196695958423 -0.383454619426632 -0.0164787516385196 -0.103110856489792 0.0115347864960984 -0.119052243410804 -0.0787844503977555 -0.807349626501311
"68" 0.0505777766875908 -0.251528643988045 -0.201330882455887 -0.173256054058232 -0.27422748861126 -0.0162172765807034 -0.062567604899437 -0.0440193828621059 -0.0108733067113187 0.00580827852360385 -0.912578898989764
"69" 0.0340586159235807 -0.130409149768547 -0.188358603433954 -0.182259713762645 -0.391104987467781 0.00492756111040608 -0.0391648255042721 -0.0383929609700858 -0.0655660205258973 0.0953667732849931 -0.913413392358064
"70" -0.182225209870814 -0.143719014533251 -0.0637997028131928 -0.137196695958423 -0.383454619426632 -0.0164787516385196 -0.103110856489792 0.0115347864960984 -0.119052243410804 -0.0787844503977555 -0.807349626501311
"71" -0.182225209870814 -0.143719014533251 -0.0637997028131928 -0.137196695958423 -0.383454619426632 -0.0164787516385196 -0.103110856489792 0.0115347864960984 -0.119052243410804 -0.0787844503977555 -0.807349626501311
"72" 0.370724065337709 -0.118105920304524 -0.0994672622252516 -0.0937507256546841 -0.740655664587477 -0.0436247943985502 -0.0839842644211586 0.0171070897870569 0.0116404105235067 -0.00905173071665088 -0.872474636767288
"73" 0.231879464719231 -0.137102521851093 -0.121040855566178 -0.0799396691463238 -0.678075513904468 -0.136273051152224 -0.109158483473086 -0.125505123572299 -0.0325516981679695 -0.0199186424600604 -0.812241761309052
"74" -0.182225209870814 -0.143719014533251 -0.0637997028131928 -0.137196695958423 -0.383454619426632 -0.0164787516385196 -0.103110856489792 0.0115347864960984 -0.119052243410804 -0.0787844503977555 -0.807349626501311
"75" -0.0223268336030297 -0.235852725340349 -0.218351505089469 -0.173545342315379 -0.363352419590433 -0.075646255601382 -0.00678843919311895 -0.00796371235009526 0.0161027146050983 0.0537378770766573 -0.911316626690122
"76" -0.182225209870814 -0.143719014533251 -0.0637997028131928 -0.137196695958423 -0.383454619426632 -0.0164787516385196 -0.103110856489792 0.0115347864960984 -0.119052243410804 -0.0787844503977555 -0.807349626501311
"77" 0.337792032539942 -0.119995950006033 -0.0764465965072347 -0.120481302392126 -0.696566306552487 -0.0320273564780419 -0.0814511333730208 0.00503771157610886 0.0144258139671242 -0.0136793013510163 -0.896973388901409
"78" 0.344668258222713 -0.148274111138034 -0.153433849276054 -0.142763813513786 -0.665728948700801 0.0289062150813347 0.00253013026402442 0.00832118654203519 0.0343589035575245 -0.102537906479392 -0.928894392789553
"79" 0.284017828990137 -0.136232534316555 -0.0701602827790686 -0.144280959282676 -0.674909783630556 -0.147738592659639 -0.172849345009594 -0.0848441223652229 -0.0732489905272911 -0.0187273232234476 -0.861283029149102
"80" -0.02236126934087 -0.285579879923246 -0.19015360569952 -0.140968578909684 -0.295684148367984 0.0119891640932623 -0.0766310300147634 -0.112035896612585 -0.102566870066563 -0.00363520958560659 -0.920962367175317
"81" 0.227567913503343 -0.175715340499542 -0.159689482438514 -0.126501238537156 -0.646562728897108 -0.105534459931275 -0.0614507386206382 -0.0443083035848029 -0.057678019662827 -0.0230426604569612 -0.853984979396273
"82" 0.296840716867111 -0.10507258345593 -0.146219988852043 -0.0552689721925055 -0.667643316537255 -0.0669839281209821 -0.110176752143023 -0.0895975774584323 -0.100357959425486 -0.0461957742572335 -0.820547513952425
"83" 0.40422527268521 -0.18541256456895 -0.0590001152947706 -0.099458109023419 -0.715577860965757 0.0270483563134076 -0.0368770111557982 -0.000726033520906345 -0.0206915906101796 -0.0547925346409484 -0.912939209452137
"84" 0.282261429541706 -0.11983461064736 -0.187128535715315 -0.070677785070021 -0.699865578287769 -0.0782438269058922 -0.10233391869014 -0.0725427704629869 -0.103192273556691 -0.0707911640778273 -0.809041995075777
"85" -0.0457470036050915 -0.21001064658086 -0.201303352787552 -0.210535618259543 -0.293748844130093 -0.00474914657249779 -0.0070983911710358 -0.0295975344551203 -0.0521527991247481 -0.0433750719350617 -0.942587168429829
"86" 0.32640287035347 -0.156368636057793 -0.0925035658676293 -0.0727800992127637 -0.703719667394145 -0.0724036188464234 -0.133387001876586 -0.00159262103750108 -0.0990276731728885 -0.0542697980922393 -0.859405316602951
"87" -0.0333109562091466 -0.244322616564952 -0.241243991212348 -0.187867495940977 -0.380117500586155 -0.0934231357994563 -0.0305799753590927 -0.0666502785228686 -0.0629367366547855 -0.092225191478331 -0.872407019267511
"88" 0.0242242555641493 -0.208788556052334 -0.233124535323388 -0.171198503900406 -0.361903476370482 -0.0759610056034163 -0.0725740313633145 0.0386959466319818 0.00748552068417048 -0.0510380661251541 -0.898110048990835
"89" 0.422188820633081 -0.140465537264523 -0.0720149778894681 -0.0501818390024668 -0.747558284826818 -0.1197723137154 -0.106411554244911 -0.142634051160765 -0.0381812697180136 -0.0787122936589153 -0.832475332686701
"90" 0.39667548678996 -0.135414319020266 -0.113901688535983 -0.0584552315283308 -0.73048429200903 -0.0548212005637174 -0.118709648190958 -0.0158948369843595 -0.0375945794329485 -0.0159680699306975 -0.869177262086368
"91" 0.304652236692253 -0.0689718194106904 -0.186196573297947 -0.106786803239828 -0.698729255334997 -0.0506918726765525 -0.0373183801746326 0.0216142620437089 0.0576138978851591 -0.0783096856208221 -0.882496015775849
"92" 0.0103195268580009 -0.135281966610837 -0.231560335188765 -0.143701984200588 -0.429711798316494 0.0153897406266481 -0.0354852940536451 0.00337222591878583 0.0431305415092964 -0.010463718882046 -0.934177616236163
"93" 0.00272227567287348 -0.249896433919179 -0.155459187460936 -0.283709349098953 -0.321004159080819 0.0292912468005049 -0.0135290743227726 -0.00777294322929957 0.034162975589435 -0.00306053674978112 -0.909441887943303
"94" 0.429298815924926 -0.126417199899798 -0.105285647114118 -0.0695531917044819 -0.731626227659307 -0.0446058901971151 -0.028285394538695 -0.0247665838265912 -0.0201312975118818 0.0378211369297209 -0.886715912126443
"95" 0.406427401873383 -0.126193480319106 -0.102393507097135 -0.0515219372066527 -0.757908282995986 -0.0986504207495674 -0.0472436568138222 0.0476395392443902 0.0332199200811055 -0.0444376688114987 -0.879718920100774
"96" 0.391317124461356 -0.158949570486394 -0.113099624888531 -0.0583262668733646 -0.697182461202484 0.0559240487725125 -0.00807884473073789 0.0248668615814573 -0.0452605351132508 0.027156343794369 -0.938988387408983
"97" 0.237624484392595 -0.144484549267078 -0.1148037357843 -0.0762528499213552 -0.656174858243082 0.0409750169962818 0.00333814120874463 0.0620703450348051 0.0502173103107626 -0.039794769637432 -0.937216771349842
"98" -0.0354633612946072 -0.256653050742746 -0.256487311132244 -0.208899261098141 -0.229046123600738 -0.0499207791082328 -0.146596672826431 -0.0159225528273498 -0.0903264167702633 -0.0114595944648862 -0.88116939901555
"99" 0.270201924776207 -0.13760478999861 -0.0980146446069451 -0.147927030340521 -0.665472613941686 -0.0653219830380299 -0.0150621546321754 -0.0113669225014248 -0.023108311992302 -0.00648004278176084 -0.894786630020608
"100" 0.347928114873249 -0.172105216409441 -0.0911798801526465 -0.115111798049142 -0.649865365783164 -0.144746258989216 -0.0588432062476843 -0.0149687037425468 -0.0525574523920838 -0.0152622814196387 -0.905468995444649
"101" 0.427828693806443 -0.139223430724212 -0.129773725687186 -0.0628309575079872 -0.755511681456651 -0.0532908230514876 -0.112975222637801 -0.0376097001295303 -0.0807467755029282 -0.0554705355476084 -0.845504638322718
"102" 0.0303109820223105 -0.165314842635465 -0.270573327794115 -0.129723246294403 -0.393318783111187 -0.0253804700915137 0.0257575652542613 0.0172467034991554 0.0362055853850206 -0.023198635671779 -0.929902813835416
"103" 0.00616308311443695 -0.235193223429831 -0.202109464235083 -0.229446498829702 -0.284677805852327 -0.0357999794888799 -0.0692850565527073 0.00621453321455401 0.00868275187809607 0.041646649641724 -0.938898006523577
"104" 0.35677064145992 -0.173766271767246 -0.0990216721698894 -0.106373299090868 -0.690741700323174 -0.0497868978981633 -0.0470387940503886 -0.0104879835971692 0.0600771132416169 -0.0239380540544669 -0.911189867518674
"105" 0.392350611323591 -0.154702498636666 -0.089060823761479 -0.144177609547644 -0.751191672676944 -0.0206174705286042 -0.0528367220983505 -0.0345791447327856 -0.0133903726885609 -0.0882406887253333 -0.862420752915759
"106" 0.339402309717744 -0.109555488656361 -0.123667045082163 -0.0578594897642543 -0.694142136016422 -0.090990097004399 0.00326745018364749 -0.0641557935833674 -0.0805466803748747 -0.0679624690046494 -0.885665492686424
"107" -0.182225209870814 -0.143719014533251 -0.0637997028131928 -0.137196695958423 -0.383454619426632 -0.0164787516385196 -0.103110856489792 0.0115347864960984 -0.119052243410804 -0.0787844503977555 -0.807349626501311
"108" 0.269967589113826 -0.147059485754665 -0.151409355524149 -0.136122492579906 -0.60421431462734 -0.0801308214140316 -0.0453996082823808 0.023364302601079 -0.0498936838350837 0.00862727704347246 -0.887740399786697
"109" 0.447465308370038 -0.112126168073444 -0.0907716654551296 -0.081766431861221 -0.75954265839778 -0.0115020787882946 -0.051225270752421 -0.0201117999461672 -0.00579448897340579 -0.109564227794995 -0.896584758020591
"110" 0.34250237976211 -0.0906706887098473 -0.132355414847027 -0.0601215722568046 -0.740427730159261 0.0190810121643332 -0.0133543467167127 0.0203011542740704 -0.0663538550988148 -0.00753382907000369 -0.895364557878578
"111" 0.232423456471912 -0.1201370574044 -0.149256059391807 -0.158556494191101 -0.635150268160452 0.011015393186727 -0.0442511349419619 -0.0305991901348598 -0.0830232752130477 0.0471724523656083 -0.904074696327813
"112" -0.182225209870814 -0.143719014533251 -0.0637997028131928 -0.137196695958423 -0.383454619426632 -0.0164787516385196 -0.103110856489792 0.0115347864960984 -0.119052243410804 -0.0787844503977555 -0.807349626501311
"113" 0.445479915144553 -0.152027820526681 -0.0227638493889809 -0.0864705218880034 -0.72949928052832 -0.00534548119202988 -0.0404154960294715 -0.0264912239095166 -0.0985302125562953 0.0120555213865441 -0.911219477114368
"114" -0.182225209870814 -0.143719014533251 -0.0637997028131928 -0.137196695958423 -0.383454619426632 -0.0164787516385196 -0.103110856489792 0.0115347864960984 -0.119052243410804 -0.0787844503977555 -0.807349626501311
"115" -0.182225209870814 -0.143719014533251 -0.0637997028131928 -0.137196695958423 -0.383454619426632 -0.0164787516385196 -0.103110856489792 0.0115347864960984 -0.119052243410804 -0.0787844503977555 -0.807349626501311
"116" 0.28933008363949 -0.0516494514659767 -0.14072349301373 -0.129897753090954 -0.680938676009596 0.0320175335474723 -0.128248810732651 -0.00934692253960125 -0.0205091607173016 -0.0852105329925434 -0.898719487805927
"117" -0.0439519234054504 -0.127215173299068 -0.27449166615242 -0.171007685106576 -0.300363320562934 0.027646956347387 0.036773938418449 -0.0514747724780168 -0.085675433209269 -0.0597548014528773 -0.941859274910199
"118" -0.182225209870814 -0.143719014533251 -0.0637997028131928 -0.137196695958423 -0.383454619426632 -0.0164787516385196 -0.103110856489792 0.0115347864960984 -0.119052243410804 -0.0787844503977555 -0.807349626501311
"119" -0.182225209870814 -0.143719014533251 -0.0637997028131928 -0.137196695958423 -0.383454619426632 -0.0164787516385196 -0.103110856489792 0.0115347864960984 -0.119052243410804 -0.0787844503977555 -0.807349626501311
"120" 0.448708857413097 -0.113596784691297 -0.0736102797643927 -0.0723675889391927 -0.762078642180124 -0.0235072543465276 0.00353584679339028 0.0467434135909966 -0.0675937085340981 -0.0795595946387151 -0.914432778388561
"121" 0.331883412920066 -0.148449677151151 -0.134618134855518 -0.107589507260543 -0.697449032256979 -0.029557691682429 -0.044156625513872 -0.0174740049810068 -0.000652529658982936 -0.0158149770749745 -0.893522188434749
"122" 0.201305935360672 -0.159299555299827 -0.158655158109217 -0.1821286804136 -0.520272299314701 0.0085075804446406 -0.0599792992857061 -0.0414032154836312 -0.0473252168409218 -0.00259040897540449 -0.891955757138406
"123" -0.182225209870814 -0.143719014533251 -0.0637997028131928 -0.137196695958423 -0.383454619426632 -0.0164787516385196 -0.103110856489792 0.0115347864960984 -0.119052243410804 -0.0787844503977555 -0.807349626501311
"124" -0.182225209870814 -0.143719014533251 -0.0637997028131928 -0.137196695958423 -0.383454619426632 -0.0164787516385196 -0.103110856489792 0.0115347864960984 -0.119052243410804 -0.0787844503977555 -0.807349626501311
"125" -0.0573853546992487 -0.245392374251989 -0.271704357253141 -0.187240060895168 -0.244240043407926 -0.0102057791652899 -0.0323813783411948 -0.0173864340920891 0.00444493336384608 -0.0637074969760446 -0.895999806609566
"126" 0.342163005405067 -0.15872544013434 -0.0663957729231488 -0.099225708657665 -0.728245121053623 -0.00867548672606794 0.0528964929723109 0.0197042770081132 -0.037989245369115 -0.0393947677124895 -0.90133454289492
"127" 0.330662792518686 -0.0803074889363961 -0.153023310941317 -0.0874626246546327 -0.705805590859866 -0.0677419228831955 -0.103129237636968 -0.0156883028297284 -0.10435400050723 -0.0335170829431847 -0.850382629391708
"128" 0.368330360830396 -0.107442805794606 -0.100249672943977 -0.109595410195674 -0.721604956659271 -0.100114325159651 -0.172667006859218 -0.0483225200456516 -0.0398371413945744 -0.0548984363387342 -0.829442988086006
"129" 0.473802954281943 -0.231853466866873 -0.1187453979018 -0.0578607015852206 -0.707063348585991 -0.0784995328170107 -0.027503947544541 0.0160013824332038 -0.0372571446420577 -0.125628871621864 -0.877515990083007
"130" 0.0266019232629679 -0.168656162630414 -0.234010459267859 -0.0982162124295331 -0.269027129015374 0.00869240624317669 -0.0784570662192906 -0.0224515085324667 -0.036280606828692 -0.0282791889642617 -0.903817388190248
"131" -0.182225209870814 -0.143719014533251 -0.0637997028131928 -0.137196695958423 -0.383454619426632 -0.0164787516385196 -0.103110856489792 0.0115347864960984 -0.119052243410804 -0.0787844503977555 -0.807349626501311
"132" 0.322363958872052 -0.19594509505574 -0.130495188243013 -0.205696805986362 -0.639071395963064 0.0269720680140219 -0.0127102640066125 0.0260618828382458 0.00576273551312649 -0.0106358419726892 -0.925697478064026
"133" 0.0397884072302507 -0.157646719360762 -0.187499112007057 -0.149961685335235 -0.367481189862989 0.000337163331327436 -0.0568526907665559 0.024638825763854 0.0333817253526719 0.0186019551460586 -0.955704561069216
"134" 0.0506008088376579 -0.258178492467901 -0.17336870307759 -0.16432967081979 -0.32870957846791 -0.0431205458729024 0.0218967463634239 -0.0325792414745313 0.0256310145192653 -0.00352435708019639 -0.947875445116936
"135" 0.440981716790653 -0.17024998948164 -0.0362731708444642 -0.0703643160103822 -0.747137208412609 -0.00270557381526522 -0.0611998942742926 -0.0275116389326956 0.00337802758685685 0.0468529002058718 -0.929248991727318
"136" 0.0619500258036542 -0.192043450602286 -0.185277452307631 -0.142995077917477 -0.373449096189708 0.0400184530073092 -0.0376750428393454 0.0384883773417347 -0.000659499631474881 0.00334339442051484 -0.930010633732961
"137" 0.0232693404438195 -0.233732827539051 -0.210101507161889 -0.145378005136802 -0.321701381976928 -0.015360472247624 0.0222608174522746 -0.0469676376100285 0.0110479414558919 0.000401692806503816 -0.924094164504876
"138" -0.182225209870814 -0.143719014533251 -0.0637997028131928 -0.137196695958423 -0.383454619426632 -0.0164787516385196 -0.103110856489792 0.0115347864960984 -0.119052243410804 -0.0787844503977555 -0.807349626501311
"139" 0.386684834921853 -0.0242230596207481 -0.0577330930996479 -0.11612989464025 -0.762076422680456 -0.0601912783347199 -0.00980671865192089 -0.00962587766908648 -0.0236348794709715 -0.0258066330448481 -0.906087922887595
"140" 0.245364084062642 -0.11910176294163 -0.115805086308748 -0.129153964796299 -0.690114213338427 -0.218472818174008 -0.160010387831019 -0.123127377827574 -0.125552721046239 -0.0533629156165392 -0.802326953960764
"141" -0.0527965659812457 -0.266124467804947 -0.26082812239954 -0.132019123266276 -0.259112297410566 -0.0229288073767632 0.0555752090557364 -0.0252121280131274 0.0988753412243304 0.0358072313162302 -0.953870032609802
"142" 0.0217472802817768 -0.232228332986821 -0.227619253787353 -0.166880596206433 -0.243174335136659 -0.0764129101325476 -0.057254726473305 -0.0435541259897691 0.0143766401805082 -0.0505916480094375 -0.931193677683314
"143" 0.288440800770099 -0.0969438954066313 -0.156203274828439 -0.0781329579861853 -0.697014590684878 -0.0129260852427781 -0.0014528626903292 0.0348307704646393 -0.0203780416987573 -0.0727940944168463 -0.906453518475558
"144" 0.278987309153952 -0.0835635321070533 -0.120473459849576 -0.136256931766374 -0.700517442660027 -0.0411922831881152 -0.0635605611552543 -0.0173798916332601 -0.039979804914633 0.0164217060094213 -0.890464019830522
"145" 0.190322736784374 -0.200778768307312 -0.163825268156936 -0.180736871843656 -0.524808638822351 -0.020271212435566 0.00195377715734388 0.057807917482234 -0.00949287128326869 -0.0505263379940393 -0.905682492218961
"146" 0.412694574074271 -0.14649967533344 -0.115400486234257 -0.108376035131545 -0.694061461324388 0.0595416869853742 0.0248939822756017 -0.00548807361237253 0.0296870115274069 -0.064131430445287 -0.929659875663227
"147" 0.213055357089241 -0.242073199139332 -0.103287388845271 -0.158521224954538 -0.553784255899497 0.00620723614841157 0.00520721518104727 0.0581336781531226 0.0333306906620049 -0.0676047383567377 -0.902142282623955
"148" 0.300359427400609 -0.121640588272067 -0.145836179397889 -0.0585056617530298 -0.713972165542056 -0.10460301541947 -0.10215373398761 -0.0359556472575127 -0.136933963864401 -0.00648903057064507 -0.802342858622061
"149" 0.30756908251247 -0.122245181259819 -0.110308171294788 -0.120666957544643 -0.715785353170473 -0.0120549401147546 -0.0114502601908848 0.00918527817786945 0.0165555258263352 0.0332297031746812 -0.893055555400682
"150" 0.0721957081708304 -0.155547545302639 -0.161758678025261 -0.179041444339161 -0.509161927817915 0.0264683323017263 -0.0220527662198366 0.0289441021439093 -0.0374613707962405 -0.0753029314753115 -0.920163806369353
"151" 0.324754097727913 -0.129839212616256 -0.131324097505247 -0.0900929546374915 -0.708097749584372 -0.0255338307474587 0.0269628540492295 -0.0568783730988974 -0.0330767902267477 -0.0494516856336807 -0.895440299033378
"152" 0.338932471195683 -0.0468056036451265 -0.097017849694978 -0.137853966331985 -0.717011713416095 -0.116383985475223 -0.146397270470861 0.0131841348787632 -0.0214989816654256 -0.0587634428748077 -0.846273159097414
"153" -0.182225209870814 -0.143719014533251 -0.0637997028131928 -0.137196695958423 -0.383454619426632 -0.0164787516385196 -0.103110856489792 0.0115347864960984 -0.119052243410804 -0.0787844503977555 -0.807349626501311
"154" -0.114416319036111 -0.248506614199452 -0.259613841818136 -0.211868276900631 -0.221910317053963 0.0171764556481817 -0.0188965263045503 -0.0200896079871385 0.0512689132504382 -0.0277778807740313 -0.90806685112206
"155" -0.182225209870814 -0.143719014533251 -0.0637997028131928 -0.137196695958423 -0.383454619426632 -0.0164787516385196 -0.103110856489792 0.0115347864960984 -0.119052243410804 -0.0787844503977555 -0.807349626501311
"156" 0.237741065859626 -0.131854150013028 -0.117804084346663 -0.141684511774734 -0.590199107694662 0.0797923738340494 0.0866764136780347 0.101621283346681 0.0571044590386629 0.0105327199036824 -0.993961192481382
"157" 0.081796531733317 -0.194597188479692 -0.167936942656348 -0.133551667078262 -0.417667526539351 -0.0105526297173405 0.0114349363194764 0.0157902014243752 -0.0566764709432952 -0.0366445457232459 -0.92225852827255
"158" -0.182225209870814 -0.143719014533251 -0.0637997028131928 -0.137196695958423 -0.383454619426632 -0.0164787516385196 -0.103110856489792 0.0115347864960984 -0.119052243410804 -0.0787844503977555 -0.807349626501311
"159" -0.132966833314376 -0.251832364344257 -0.300065399867837 -0.154784960310676 -0.204869895060713 -0.0380044579830091 -0.117402130342679 -0.0121829945544443 -0.0720217822555261 -0.105770378330652 -0.879717320780654
"160" 0.453813095271078 -0.125387427060677 -0.0606117004171141 -0.08464463298256 -0.774419809659948 -0.00438464537132958 -0.0627319167299877 -0.0495658779185133 -0.0171364489817827 -0.0515073151994778 -0.889998106925387
"161" 0.0315439097802957 -0.236460374256383 -0.225523601980591 -0.174773383890815 -0.340392297768152 -0.00228018985534425 -0.0703848760190897 -0.0229876644491572 -0.0396418824362918 -0.0374086972323306 -0.923250339919281
"162" 0.172924101738029 -0.221215236620427 -0.156738373293562 -0.149759144997274 -0.489210587013214 0.0448860993405186 0.0413049334106387 0.0832288286230206 0.0396628287729862 0.0285088754824639 -0.967270412779717
"163" 0.45043216297555 -0.204569768661297 -0.0880453960348476 -0.0718138517431332 -0.723248444684645 -0.0411612529346698 -0.0083128769896461 0.0143570981425102 0.00163801183461044 -0.0164781437615006 -0.902289766610375
"164" 0.369157632002633 -0.100324527716848 -0.105647305771987 -0.076171089963796 -0.757620424857098 -0.0120703218348363 -0.0231749361891162 -0.00294403791654193 -0.0662459916908625 0.00353786086435393 -0.876404836852355
"165" 0.344598471324577 -0.146285488799157 -0.125155465914913 -0.120810369877338 -0.68467549440048 -0.0989381023692883 -0.0960661872269859 -0.0359365941505264 -0.0415379240847242 -0.0551171300039726 -0.850557176166948
"166" 0.232623261445031 -0.151715205544981 -0.182960700437347 -0.127905670828506 -0.631611329620131 -0.122726952091136 -0.136692885578647 -0.1295908993154 -0.0977688355744921 -0.0376958840263107 -0.843965245633253
"167" -0.0475845286187087 -0.29631399709393 -0.192582506416693 -0.18247760789406 -0.271491428611553 -0.0861103394905601 -0.12816835651484 -0.00740872336651916 -0.0824466900494502 -0.0537559872705988 -0.881083298890156
"168" 0.115461515226768 -0.296482500966369 -0.159795919312418 -0.198720395985792 -0.282457479038382 0.0379768872872137 -0.0420188374437486 -0.0470408088394712 -0.0199149209891539 -0.00985020852717427 -0.933302664197923
"169" 0.405472449353601 -0.125625300362602 -0.0336444371734402 -0.0851623937990501 -0.779979272132155 -0.103718115281975 -0.129349181147823 -0.0849429971005613 -0.0799601889137443 -0.0630104842432119 -0.846405532938196
"170" 0.0756652418830042 -0.213729403273108 -0.172243100857827 -0.183829232492059 -0.412286353779564 0.0368644555517738 0.0441326232710764 0.0236063122507837 -0.0223888817344938 -0.0593086142916865 -0.939192370111076
"171" 0.371626888730101 -0.166097077329481 -0.0751918030709589 -0.127429797920484 -0.689376907240829 0.0690825214487416 -0.019162412007427 0.122018859720845 -0.0578329689528855 -0.00745809974190503 -0.947429518363147
"172" -0.0342985941949121 -0.16916096894947 -0.261194632462451 -0.184957998735634 -0.333982440687787 0.039205471383462 -0.00428825028428098 0.00169841278851378 -0.112912895397974 -0.05863267612274 -0.928188194760253
"173" 0.00350369918202137 -0.216806846148363 -0.213368240889704 -0.171623326827422 -0.332233050729782 -0.0154037965544764 -0.114279792434016 -0.0437385313598188 -0.0856877470582466 -0.0376846021627529 -0.908907961785723
"174" 0.0971287605813675 -0.194494354570923 -0.139841740598167 -0.146833167631089 -0.468996185046879 0.0289001638048562 -0.00652044594234209 0.0263606933684232 0.0108713790208397 -0.0466320075162537 -0.931994423054025
"175" 0.355458087992059 -0.18847664702218 -0.154559887327088 -0.0683538844975327 -0.692171418754783 -0.148547336426624 -0.170433074653874 -0.156221814658962 -0.0514856149736025 -0.100214813592614 -0.783803635906663
"176" -0.182225209870814 -0.143719014533251 -0.0637997028131928 -0.137196695958423 -0.383454619426632 -0.0164787516385196 -0.103110856489792 0.0115347864960984 -0.119052243410804 -0.0787844503977555 -0.807349626501311
"177" 0.298549204972288 -0.108603205882834 -0.117860973174219 -0.0521192308015254 -0.7080037778778 -0.032050766421973 -0.096255793794973 -0.0557176701030849 0.0106164476511963 -0.0379658144051375 -0.902661782905444
"178" 0.0222227929203994 -0.194651194201204 -0.2238775411477 -0.116375938146981 -0.38384639465117 0.0427628254055867 0.0548388683313882 0.0394660196483488 -0.00826009189667028 -0.0258590703993867 -0.958794550725051
"179" -0.182225209870814 -0.143719014533251 -0.0637997028131928 -0.137196695958423 -0.383454619426632 -0.0164787516385196 -0.103110856489792 0.0115347864960984 -0.119052243410804 -0.0787844503977555 -0.807349626501311
"180" 0.0818969417655907 -0.228001070605116 -0.154390317289733 -0.187054513019339 -0.38309936003205 0.00298107480066784 0.0211699563880338 0.0232879266288953 -0.0459837566297507 -0.0289550304552168 -0.93517325346602
"181" 0.443424599359367 -0.122106220117462 -0.0581792373102937 -0.124519698497416 -0.780199431468346 -0.0320219503248523 0.0218223777219379 -0.0407931824948652 -0.071604010973022 -0.0124700128991022 -0.873734479444462
"182" 0.476415752742585 -0.12953200638187 -0.0889055638848153 -0.0470723660188042 -0.780487325942823 -0.266005877496854 -0.215358612055829 -0.116895843909954 -0.147061503470626 -0.0943320889553216 -0.716738987546353
"183" 0.353458846599911 -0.126414324717138 -0.0902441662404178 -0.0975887115902893 -0.763723982066897 -0.0518155971442445 -0.0766219502075227 -0.0387666057391802 -0.0628884975346558 -0.0826909739455688 -0.853063338286879
"184" 0.264003364720649 -0.0974649029625726 -0.157587846127551 -0.123091636405203 -0.668906672732439 -0.0926701891915198 -0.114245971889976 -0.0305125378566489 -0.0627338452405241 -0.0511508805535128 -0.866593125054017
"185" -0.0371395154079612 -0.239104757406941 -0.198175759104423 -0.187887906255864 -0.242512717509905 -0.0241220937502126 -0.0402380290305739 -0.0883545342682526 -0.0269697014722491 -0.0263348541403333 -0.886794174907988
"186" 0.181283095190118 -0.11078099438906 -0.200587375835591 -0.104227468837653 -0.611173718979376 -0.0221150121483296 -0.0238365679114279 0.0283471305403921 0.0356300251121441 -0.00235517160838859 -0.922725433372018
"187" 0.373788560491126 -0.119901923449086 -0.117175206672311 -0.085645015351418 -0.696252534686936 -0.0870821874731079 -0.109967336612046 0.00909883918824577 -0.0417638909248389 -0.00777457181044154 -0.902350986250862
"188" 0.334598664074483 -0.129266131333642 -0.126327564487669 -0.0564413824604493 -0.745322539652871 0.0837376049329309 0.0506538527024156 0.00296606286198885 -0.0443618742548504 -0.0325698374284106 -0.925154309485247
"189" 0.0242909846062455 -0.22904488739466 -0.245674942654825 -0.177058118612561 -0.377853154373289 -0.00279334559906201 -0.0753246903246218 -0.0179420160854707 -0.0401472357349587 -0.0161393286224773 -0.89400102846154
"190" 0.00499923729466217 -0.286411159653078 -0.183201168797837 -0.214441341316236 -0.318979202814408 -0.0396010742009106 0.0678416298324853 0.028462800445443 -0.115927851336288 -0.0151124928164142 -0.917470320413629
"191" -0.182225209870814 -0.143719014533251 -0.0637997028131928 -0.137196695958423 -0.383454619426632 -0.0164787516385196 -0.103110856489792 0.0115347864960984 -0.119052243410804 -0.0787844503977555 -0.807349626501311
"192" -0.182225209870814 -0.143719014533251 -0.0637997028131928 -0.137196695958423 -0.383454619426632 -0.0164787516385196 -0.103110856489792 0.0115347864960984 -0.119052243410804 -0.0787844503977555 -0.807349626501311
"193" 0.365393913686514 -0.0847221755412977 -0.119978991188287 -0.0942763187047072 -0.721735060115494 -0.0895914551962054 -0.0587975667059091 -0.0817057812566895 -0.0140807570949612 -0.0719168186174698 -0.848482882080896
"194" 0.436859801481278 -0.0879615910043195 -0.0663953182674786 -0.0683646885112591 -0.797121827628342 -0.0170402752842485 -0.0680381334883482 0.0144106423650903 -0.0435799956266946 -0.0373337049000847 -0.919041743822525
"195" 0.374265853095092 -0.108205407136397 -0.15912238491322 -0.0604592307013089 -0.715636525341476 0.0113002287778067 -0.00852342112739362 0.00614187271828196 -0.0173434312673883 -0.0436129016279142 -0.921367977874656
"196" -0.182225209870814 -0.143719014533251 -0.0637997028131928 -0.137196695958423 -0.383454619426632 -0.0164787516385196 -0.103110856489792 0.0115347864960984 -0.119052243410804 -0.0787844503977555 -0.807349626501311
"197" -0.113134133396181 -0.21157802680805 -0.2396323950229 -0.183140206389222 -0.317327485561852 -0.0700584378180899 -0.107463409391887 -0.042210958413975 0.00961936610717767 -0.0214346330049206 -0.866383049386238
"198" -0.182225209870814 -0.143719014533251 -0.0637997028131928 -0.137196695958423 -0.383454619426632 -0.0164787516385196 -0.103110856489792 0.0115347864960984 -0.119052243410804 -0.0787844503977555 -0.807349626501311
"199" 0.347300789887447 -0.134406073916183 -0.164737087881251 -0.0637937877203802 -0.707858499713821 -0.174737368448909 -0.24160430167598 -0.0984305435961635 -0.0416599528878242 -0.0748953388259082 -0.710503919999513
"200" 0.359862739481759 -0.139457448967893 -0.0789077978269186 -0.096175214388557 -0.73713792588887 0.0673750299803766 0.0413232537375796 0.0168598455660083 -0.0496697340932036 -0.0354759854742146 -0.898461453173722
